0.278381
0.278009
0.207089
0.201589
0.198060
0.197805
0.193630
0.193630
0.181875
0.181875
0.181875
0.181875
0.181875
0.181875
0.181875
0.181875
0.181875
0.181875
0.181875
0.181875
0.173368
0.173349
0.173182
0.173182
0.172826
0.172826
0.172765
0.172566
0.172566
0.172566
0.172442
0.172024
0.172024
0.172024
0.172024
0.171505
0.169705
0.167587
0.167531
0.167451
0.167432
0.167095
0.166813
0.166760
0.166622
0.166375
0.166290
0.166290
0.166290
0.166290
0.166280
0.166279
0.166263
0.166251
0.166248
0.165653
0.165426
0.164697
0.164295
0.164137
0.163950
0.163894
0.163497
0.162662
0.162531
0.162422
0.162288
0.162057
0.161774
0.161772
0.161703
0.161521
0.161347
0.161069
0.160962
0.160955
0.160906
0.160807
0.160693
0.160597
0.160549
0.160485
0.160446
0.160366
0.160205
0.160129
0.160015
0.160001
0.159959
0.159713
0.159705
0.159700
0.159650
0.159591
0.159553
0.159526
0.159476
0.159473
0.159460
0.159415
0.159403
0.159385
0.159301
0.159301
0.159298
0.159297
0.159290
0.159277
0.159193
0.159117
0.159117
0.159117
0.159117
0.159107
0.159107
0.159107
0.159107
0.159107
0.159107
0.159107
0.159107
0.159029
0.158920
0.158920
0.158920
0.158920
0.158920
0.158747
0.158732
0.158675
0.158654
0.158653
0.158457
0.158408
0.158408
0.158396
0.158269
0.158254
0.158174
0.158172
0.158169
0.158097
0.158074
0.158074
0.158074
0.158074
0.158072
0.158056
0.158033
0.158022
0.157984
0.157916
0.157866
0.157863
0.157769
0.157723
0.157641
0.157636
0.157597
0.157595
0.157594
0.157574
0.157501
0.157491
0.157462
0.157459
0.157395
0.157393
0.157351
0.157345
0.157298
0.157278
0.157268
0.157264
0.157117
0.157086
0.157083
0.157083
0.157083
0.157083
0.157083
0.157083
0.157083
0.157083
0.157083
0.157083
0.157083
0.157083
0.157083
0.157083
0.157083
0.156996
0.156987
0.156972
0.156966
0.156935
0.156905
0.156885
0.156787
0.156761
0.156744
0.156731
0.156730
0.156730
0.156718
0.156714
0.156711
0.156711
0.156711
0.156711
0.156711
0.156711
0.156711
0.156711
0.156711
0.156711
0.156711
0.156693
0.156664
0.156651
0.156628
0.156604
0.156601
0.156582
0.156582
0.156566
0.156566
0.156532
0.156524
0.156480
0.156449
0.156441
0.156430
0.156430
0.156430
0.156430
0.156430
0.156430
0.156430
0.156430
0.156430
0.156430
0.156419
0.156408
0.156327
0.156311
0.156285
0.156266
0.156265
0.156235
0.156225
0.156213
0.156197
0.156197
0.156168
0.156157
0.156149
0.156149
0.156142
0.156123
0.156075
0.156059
0.156043
0.156038
0.156026
0.156026
0.155995
0.155991
0.155979
0.155978
0.155973
0.155971
0.155968
0.155967
0.155960
0.155912
0.155905
0.155878
0.155862
0.155861
0.155847
0.155847
0.155847
0.155819
0.155795
0.155795
0.155795
0.155795
0.155795
0.155795
0.155795
0.155795
0.155795
0.155795
0.155795
0.155795
0.155795
0.155795
0.155795
0.155795
0.155795
0.155795
0.155795
0.155795
0.155795
0.155795
0.155785
0.155773
0.155761
0.155732
0.155705
0.155702
0.155697
0.155677
0.155665
0.155659
0.155657
0.155657
0.155657
0.155657
0.155657
0.155657
0.155657
0.155647
0.155644
0.155633
0.155629
0.155628
0.155626
0.155622
0.155622
0.155590
0.155587
0.155585
0.155580
0.155568
0.155568
0.155561
0.155560
0.155554
0.155546
0.155523
0.155504
0.155493
0.155492
0.155482
0.155477
0.155467
0.155456
0.155452
0.155443
0.155443
0.155443
0.155443
0.155443
0.155443
0.155443
0.155443
0.155443
0.155443
0.155443
0.155443
0.155443
0.155443
0.155443
0.155443
0.155443
0.155443
0.155443
0.155443
0.155414
0.155396
0.155396
0.155332
0.155310
0.155306
0.155288
0.155288
0.155288
0.155288
0.155288
0.155288
0.155288
0.155288
0.155288
0.155288
0.155288
0.155267
0.155237
0.155233
0.155223
0.155209
0.155207
0.155190
0.155190
0.155190
0.155190
0.155190
0.155190
0.155190
0.155190
0.155190
0.155190
0.155190
0.155190
0.155190
0.155190
0.155190
0.155190
0.155190
0.155190
0.155190
0.155152
0.155144
0.155130
0.155123
0.155123
0.155123
0.155108
0.155030
0.155007
0.154969
0.154959
0.154955
0.154954
0.154948
0.154937
0.154915
0.154895
0.154894
0.154893
0.154861
0.154852
0.154843
0.154817
0.154816
0.154812
0.154811
0.154793
0.154782
0.154780
0.154780
0.154776
0.154769
0.154756
0.154744
0.154741
0.154730
0.154721
0.154720
0.154718
0.154717
0.154710
0.154695
0.154689
0.154680
0.154678
0.154656
0.154655
0.154652
0.154650
0.154646
0.154638
0.154608
0.154594
0.154586
0.154574
0.154560
0.154559
0.154557
0.154543
0.154539
0.154496
0.154496
0.154496
0.154496
0.154496
0.154496
0.154496
0.154496
0.154492
0.154491
0.154460
0.154457
0.154456
0.154456
0.154439
0.154427
0.154424
0.154417
0.154412
0.154398
0.154395
0.154388
0.154383
0.154383
0.154364
0.154356
0.154356
0.154356
0.154356
0.154356
0.154356
0.154356
0.154340
0.154332
0.154331
0.154322
0.154303
0.154303
0.154300
0.154280
0.154280
0.154280
0.154280
0.154280
0.154280
0.154280
0.154280
0.154280
0.154280
0.154248
0.154248
0.154230
0.154223
0.154209
0.154201
0.154179
0.154177
0.154174
0.154155
0.154154
0.154136
0.154135
0.154122
0.154113
0.154113
0.154070
0.154064
0.154053
0.154051
0.154033
0.154027
0.154008
0.154008
0.153997
0.153996
0.153996
0.153995
0.153991
0.153989
0.153988
0.153987
0.153956
0.153942
0.153937
0.153931
0.153922
0.153920
0.153912
0.153909
0.153901
0.153893
0.153888
0.153886
0.153886
0.153869
0.153861
0.153859
0.153846
0.153843
0.153839
0.153838
0.153835
0.153834
0.153831
0.153830
0.153830
0.153823
0.153821
0.153818
0.153812
0.153798
0.153790
0.153789
0.153788
0.153788
0.153786
0.153784
0.153779
0.153777
0.153757
0.153752
0.153743
0.153740
0.153740
0.153740
0.153740
0.153740
0.153728
0.153723
0.153723
0.153721
0.153692
0.153682
0.153680
0.153679
0.153673
0.153673
0.153664
0.153664
0.153659
0.153658
0.153655
0.153650
0.153650
0.153650
0.153650
0.153650
0.153650
0.153650
0.153650
0.153650
0.153650
0.153650
0.153650
0.153650
0.153650
0.153645
0.153645
0.153643
0.153643
0.153643
0.153643
0.153643
0.153643
0.153643
0.153643
0.153643
0.153643
0.153643
0.153643
0.153643
0.153643
0.153643
0.153643
0.153643
0.153643
0.153643
0.153643
0.153643
0.153643
0.153643
0.153643
0.153643
0.153643
0.153643
0.153643
0.153643
0.153643
0.153639
0.153635
0.153629
0.153626
0.153616
0.153611
0.153608
0.153606
0.153604
0.153599
0.153597
0.153594
0.153591
0.153575
0.153570
0.153550
0.153550
0.153545
0.153545
0.153543
0.153542
0.153542
0.153542
0.153542
0.153542
0.153542
0.153542
0.153542
0.153542
0.153542
0.153542
0.153542
0.153542
0.153542
0.153542
0.153542
0.153542
0.153542
0.153542
0.153542
0.153542
0.153542
0.153542
0.153542
0.153542
0.153542
0.153542
0.153542
0.153542
0.153542
0.153542
0.153542
0.153542
0.153534
0.153527
0.153521
0.153521
0.153521
0.153514
0.153504
0.153501
0.153493
0.153490
0.153480
0.153468
0.153465
0.153460
0.153458
0.153455
0.153451
0.153451
0.153451
0.153451
0.153451
0.153451
0.153451
0.153451
0.153446
0.153441
0.153439
0.153435
0.153433
0.153427
0.153417
0.153413
0.153413
0.153409
0.153407
0.153404
0.153404
0.153400
0.153392
0.153390
0.153369
0.153363
0.153361
0.153348
0.153341
0.153339
0.153338
0.153335
0.153333
0.153327
0.153290
0.153289
0.153289
0.153289
0.153289
0.153289
0.153289
0.153289
0.153289
0.153289
0.153289
0.153289
0.153289
0.153289
0.153289
0.153289
0.153289
0.153289
0.153289
0.153289
0.153289
0.153289
0.153289
0.153289
0.153285
0.153283
0.153281
0.153276
0.153276
0.153276
0.153276
0.153276
0.153276
0.153276
0.153276
0.153276
0.153276
0.153276
0.153276
0.153273
0.153267
0.153262
0.153260
0.153259
0.153257
0.153257
0.153252
0.153251
0.153246
0.153243
0.153241
0.153238
0.153238
0.153238
0.153238
0.153238
0.153238
0.153238
0.153230
0.153229
0.153229
0.153229
0.153229
0.153229
0.153229
0.153229
0.153229
0.153229
0.153229
0.153229
0.153222
0.153222
0.153222
0.153213
0.153206
0.153204
0.153193
0.153191
0.153168
0.153160
0.153154
0.153154
0.153152
0.153149
0.153146
0.153141
0.153135
0.153121
0.153120
0.153114
0.153112
0.153107
0.153106
0.153094
0.153094
0.153091
0.153088
0.153086
0.153085
0.153082
0.153071
0.153071
0.153071
0.153071
0.153071
0.153071
0.153071
0.153071
0.153071
0.153071
0.153071
0.153071
0.153071
0.153071
0.153071
0.153071
0.153071
0.153071
0.153071
0.153071
0.153071
0.153071
0.153071
0.153071
0.153071
0.153067
0.153064
0.153061
0.153060
0.153060
0.153060
0.153060
0.153060
0.153058
0.153058
0.153052
0.153049
0.153049
0.153046
0.153045
0.153042
0.153041
0.153040
0.153033
0.153028
0.153021
0.153014
0.153009
0.153008
0.153006
0.153005
0.152995
0.152995
0.152995
0.152995
0.152995
0.152995
0.152995
0.152994
0.152989
0.152983
0.152982
0.152975
0.152965
0.152965
0.152965
0.152965
0.152965
0.152965
0.152965
0.152965
0.152965
0.152965
0.152965
0.152965
0.152965
0.152965
0.152965
0.152965
0.152965
0.152965
0.152965
0.152965
0.152965
0.152965
0.152965
0.152965
0.152965
0.152965
0.152965
0.152965
0.152965
0.152965
0.152965
0.152965
0.152965
0.152965
0.152965
0.152965
0.152965
0.152965
0.152965
0.152965
0.152965
0.152965
0.152965
0.152958
0.152951
0.152948
0.152944
0.152944
0.152944
0.152944
0.152944
0.152938
0.152936
0.152935
0.152930
0.152930
0.152930
0.152929
0.152921
0.152921
0.152919
0.152915
0.152914
0.152913
0.152913
0.152906
0.152905
0.152903
0.152900
0.152897
0.152893
0.152890
0.152890
0.152884
